Linhas = 19
Colunas = 10
33743 30368 34100 38471 26799 32364 35822 34309 39341 31358 
28769 30477 42008 37031 27208 36685 32826 32236 36656 31271 
20825 23266 28796 29676 21156 24815 22773 25301 30377 25417 
29111 33675 30855 36664 25906 28776 31024 27310 37165 23942 
24706 23002 20228 21760 17105 19697 20277 16092 22181 17653 
21412 26656 29649 29292 19040 21141 20740 21602 27793 26922 
19039 28095 32138 24995 18134 24689 29242 25495 27547 26373 
31062 36838 41657 41937 26127 34207 33858 30665 36829 34279 
21616 28858 22813 20847 16837 19201 26936 20195 24977 22343 
26616 32448 37234 39979 27787 33200 33109 30896 39138 26295 
27642 35427 38870 31852 26416 33172 38769 24406 31374 22953 
26770 31200 36381 31786 28216 29928 34793 26969 35472 24807 
18469 22064 24890 20046 15461 18724 22772 16777 19596 21310 
26693 26056 32647 32887 23240 31319 28788 29436 33097 26985 
20564 24649 33998 28547 23460 31990 29974 24572 27834 22951 
26365 32373 36704 38466 22532 32139 34808 30790 34736 26904 
28237 29206 33800 30935 26024 28976 32077 30620 36954 28080 
16853 21995 24933 20874 15391 21594 21775 19042 21505 19616 
19746 27568 26753 22281 19003 20904 26079 19273 24908 22345 
