Linhas = 10
Colunas = 14
41147 54223 47500 44768 29430 37599 45788 52854 43250 42747 45131 50842 46916 45638 
40941 56377 52826 44375 23223 36747 43721 47833 43925 43673 46047 51160 36059 44523 
48482 66168 57889 44673 41157 45721 58865 62944 53618 54753 53225 65042 59353 51951 
39860 47627 44654 42592 25503 29305 46547 45507 44218 45687 37024 48819 39692 33337 
35174 44532 31514 31915 27386 32366 42768 42632 35966 37256 36688 44796 41690 34898 
40822 58642 63538 49594 30972 38537 53746 54752 57532 57037 47443 56550 53415 39500 
38997 50669 39333 33722 35182 28383 46553 46625 40371 42552 41182 48558 45673 35401 
43040 60519 59683 48411 37868 45104 52614 56129 54484 54923 50520 58720 55921 48869 
40159 54714 57849 42921 31762 42262 52312 50923 55228 51771 46425 57167 50614 45794 
39517 49601 52493 39671 30864 42146 58187 52875 52193 53050 37957 47611 51050 35861 
