Linhas = 18
Colunas = 19
16158 29152 24462 32879 25025 28346 30913 23731 25440 34392 24067 25937 19044 28444 20834 19601 27970 26324 30645 
22799 33458 26670 30474 27519 32844 32408 18617 25507 33078 21897 29154 25436 26332 22384 22880 28771 30481 37272 
28746 35844 31220 37878 31573 30134 36205 24068 31546 32714 25378 31811 26481 22883 28316 22319 36467 31696 33919 
30623 36896 23777 39997 33965 35390 30085 19026 30590 40631 30010 35488 26586 24564 27432 26242 30255 32259 36324 
12590 21378 19420 18302 12546 14131 22456 14875 14458 17528 11521 17912 14497 14327 11836 10570 18413 15235 22357 
33185 40304 32266 37797 30815 33420 37975 23792 32247 36545 25059 37786 29808 24694 29071 24907 36346 30147 39925 
28932 41413 31543 36072 30020 29794 38275 27363 33570 38640 25914 37031 27242 28359 30728 26871 35460 29101 38575 
21259 32597 29075 29202 22094 24700 34594 26213 27566 30545 19489 30085 22895 27355 23626 20792 31327 21683 30914 
28704 44073 35159 38699 36623 39798 39458 27403 34481 44974 27934 37726 26538 30290 24975 26384 37957 37342 45019 
25226 30978 21316 34769 31646 37816 29693 18541 27955 39475 26687 30811 22121 29550 24902 24327 28087 29340 34137 
27595 40675 31634 35295 30500 32206 28788 26779 37417 38036 24267 37341 25045 23123 28275 26253 32528 26561 31688 
19023 27020 19320 28390 22252 26580 20092 16316 24302 28974 20627 26786 20116 21207 19300 19962 19909 20641 23369 
29869 39953 32307 39202 35250 36876 39374 25043 33352 39871 27892 35127 27157 29017 29299 25682 37085 35538 40779 
26179 36380 25025 37677 30155 32387 35968 22801 29168 39294 29432 34990 29460 35120 28727 28915 30014 30518 36370 
24860 30184 18782 28013 26406 25027 32521 18792 23139 34334 23066 28296 19346 26603 24920 22297 27556 24256 32850 
23968 29611 23304 33744 26385 27803 29359 17766 23950 29852 23849 28086 23184 23134 21204 19294 25961 26884 29364 
23403 31368 22893 27441 26746 28482 25062 17057 25807 31418 19959 27972 20309 18564 20707 20631 26407 25717 30598 
22233 35499 32371 34512 23055 29507 32947 23249 27175 31410 20728 31199 26713 20230 21210 19161 32358 27301 37722 
