Linhas = 16
Colunas = 10
27335 34314 26849 25371 18055 24747 34018 28476 30077 27347 
16461 31561 24081 23602 14065 20269 24889 23664 16930 19413 
25633 36156 28056 27996 20530 23670 27381 25243 25641 29686 
29134 31878 25349 24265 18094 22922 26367 26626 27336 28843 
23775 31553 23402 18083 17388 23638 26581 23657 24271 20362 
13744 25532 23442 20790 15769 17874 20366 17954 15556 22478 
13686 21278 15265 17531 6654 15100 15778 17046 15429 12305 
23048 33046 20281 24768 15517 20895 21460 17882 26402 20985 
17269 21797 15807 17887 11401 15330 22589 15612 26180 15785 
17084 33545 26029 28995 19031 19807 24665 18720 24090 24829 
9629 17861 15219 14230 11474 12139 17186 10938 15788 13795 
24782 40885 31887 28130 20200 29842 31448 29184 26922 26445 
24055 37925 26995 22578 22252 27431 25860 20068 28028 23413 
16115 22243 18124 19074 11064 15763 24824 18665 20884 19028 
22934 32624 26161 22171 15614 26590 24516 24296 22970 23487 
15876 27530 20313 19899 14319 17946 26144 18354 19145 19205 
