Linhas = 8
Colunas = 11
9544 6554 8818 11674 12750 12919 12265 14724 7827 15108 17326 
11670 6610 12752 12982 8933 9879 15266 17480 11222 11744 14292 
3591 4128 4436 5522 3810 3127 5842 6652 4669 4823 5929 
8658 8264 12307 11882 9301 12395 13825 13616 15190 14349 16014 
9741 9974 9310 16399 11771 14032 15248 18078 17107 15777 13871 
11270 8243 12973 14609 12465 13543 16172 18276 13706 16547 16240 
10266 10615 13424 16253 14679 17616 17064 18076 19075 20938 18404 
5225 11675 7819 13382 11236 11027 12120 13050 14925 15366 14001 
