Linhas = 14
Colunas = 16
18741 40695 47054 41439 30320 21291 28987 24166 30624 27892 24674 33627 27011 26344 32586 18495 
28037 53980 53654 54261 46615 26229 36770 29317 44969 35947 33025 48100 40327 31906 38673 24169 
34802 55612 58524 62368 46020 34420 37767 38709 48470 45532 31951 47516 45140 34928 45151 23893 
28118 47612 53300 52812 38751 29278 38183 30011 41983 37638 28078 46114 40457 32703 42323 18142 
21083 37940 35495 36963 33581 19920 25325 20396 32424 30025 22208 33598 33258 21956 28464 14344 
40094 63621 65615 68040 54443 38775 46703 44427 56048 52602 39013 56570 48842 40624 53048 28536 
31256 42895 52734 46347 36551 29299 43221 34560 43757 42661 33138 44566 33853 31222 41936 19833 
23881 40875 47033 40495 34772 22031 36028 27842 35486 36531 29037 39771 32551 30743 36342 17408 
29835 51723 59384 57018 49643 35934 36883 35122 52081 40336 23604 47921 45304 31925 43539 24317 
23157 41266 40617 42039 35711 19509 31643 27975 33231 28546 33002 38875 32646 29204 32473 21146 
23048 48393 54507 46500 40153 24468 33726 30038 40813 31617 27780 40169 33698 30703 36160 24993 
27690 58158 67827 60086 53302 33025 43068 37477 51887 38797 33315 54216 45584 39544 47757 29792 
28905 42163 50779 49236 36651 29945 34421 35850 40313 38253 30512 39616 35327 30534 39053 22443 
25165 47470 51270 46053 41240 24084 35800 32506 38641 40380 31461 39905 34462 29150 38130 23348 
