Linhas = 13
Colunas = 15
45991 52550 34449 37365 42732 45537 52977 42499 50730 40870 64024 44954 51559 44663 48047 
65653 61384 50812 55417 52749 56163 68175 58491 52016 59586 70456 54409 64385 47060 63281 
40019 50914 40093 34234 37414 40111 51226 40308 48061 41426 56912 42403 50691 37163 51737 
65353 63937 45023 52006 59552 52449 67904 52290 69646 51441 77307 63076 65447 58004 63584 
54978 59619 43707 54948 51579 46412 62876 49739 55308 54628 60948 54365 57136 46353 62069 
64524 58704 42934 47245 51963 51057 65353 54791 51628 54912 64318 49537 55688 57514 62613 
61497 62823 44284 55512 55595 54379 65790 53562 70206 52110 74202 64448 60047 51153 63509 
42864 49204 39704 39537 47413 40109 52287 44631 50777 39975 59281 42455 47306 45498 52065 
52554 53035 40487 39215 48221 48333 54687 47109 45642 50335 60041 49498 56050 45978 51436 
60383 55943 51314 42256 50578 59616 59740 55498 52176 56041 69833 52544 61782 49589 59792 
53001 52853 36963 44627 52352 49201 53305 42573 53305 44088 61048 53657 50940 44337 50182 
54884 58796 41838 46632 51635 50513 64485 49841 47704 54197 57467 51391 52417 46392 49730 
55355 54099 40633 42363 51731 42197 56525 45122 52984 42804 61748 51292 53814 48435 48199 
