Linhas = 10
Colunas = 10
14088 34224 21368 32907 23687 24395 36456 21137 37651 23757 
11887 33889 23589 32298 25038 20743 38277 18053 31498 19671 
28526 41316 42626 42480 30038 29171 45447 31934 39525 27952 
27139 40070 37027 34458 24016 23514 45133 24815 34705 22467 
18768 32429 29265 34927 26199 20143 33131 29508 31833 24326 
21852 31769 29289 31095 20823 19978 36095 19337 28911 22668 
29781 38746 37193 36347 20994 29527 45013 23631 37813 25277 
16915 30221 27138 26069 17455 16309 32809 18453 23716 16226 
21993 34058 28333 30778 18009 27545 33706 20954 33834 18332 
30402 38871 39071 34076 23652 24252 41493 23464 31779 22058 
