LINHAS = 18
COLUNAS = 14
46 24 58 30 50 19 83 27 100 60 16 77 79 39
74 60 97 50 9 100 95 76 99 97 17 33 75 32
35 73 74 32 88 29 73 96 35 75 81 79 95 1
2 31 54 46 1 32 53 48 60 33 3 76 30 18
38 49 5 3 33 26 23 76 7 7 67 54 19 70
69 68 3 27 53 91 70 61 35 64 57 88 70 52
20 55 71 82 64 11 57 74 86 87 1 75 95 41
49 99 56 17 75 12 8 10 68 16 19 9 85 57
94 88 36 93 20 23 92 73 37 54 59 69 91 25
13 53 100 88 1 15 23 64 22 16 86 82 1 82
42 70 25 91 14 14 36 19 38 32 31 60 6 1
42 25 22 28 40 87 23 61 30 3 83 49 45 100
61 52 83 13 1 100 58 45 16 50 35 3 51 60
10 47 45 5 11 59 82 58 57 18 51 30 43 19
78 94 48 35 61 30 89 86 47 88 72 94 44 83
6 52 81 68 20 34 26 55 72 96 65 79 35 62
59 65 99 81 8 31 1 6 64 76 95 63 37 37
78 63 17 47 62 36 90 93 44 84 80 13 17 63
