LINHAS = 19
COLUNAS = 15
92 76 46 39 17 40 57 57 65 4 22 18 27 84 15
82 61 11 40 40 59 90 76 31 22 92 49 36 70 22
36 26 36 50 78 9 40 5 90 49 43 94 37 43 1
29 5 50 78 50 34 33 10 2 77 84 31 78 2 97
27 62 45 79 6 19 31 14 80 47 97 67 95 7 53
95 83 54 15 29 46 68 21 27 76 68 24 74 93 15
79 46 86 8 3 37 85 69 98 83 96 60 99 17 83
85 72 34 78 67 17 69 3 97 32 73 69 87 39 98
87 78 41 26 61 50 55 91 28 3 76 9 53 61 58
98 53 23 50 98 87 42 73 18 30 61 82 59 11 56
52 92 70 64 82 71 67 82 51 61 99 76 4 2 94
8 78 47 17 79 64 68 15 58 65 80 49 53 37 70
86 59 23 83 39 88 81 89 65 66 55 78 78 85 70
22 56 85 24 3 100 75 70 1 89 11 21 92 33 84
69 100 26 86 82 91 93 67 58 84 28 88 36 20 40
42 52 24 17 69 4 61 66 79 39 50 75 61 77 96
43 35 51 94 93 16 93 74 38 63 46 26 40 80 65
4 59 26 40 44 82 28 3 96 4 83 74 66 65 15
52 3 68 14 61 51 38 69 60 91 87 18 43 95 83
