LINHAS = 19
COLUNAS = 9
4 44 58 32 41 5 39 70 73
63 83 11 48 57 5 72 61 17
67 57 31 41 51 50 58 11 52
1 47 17 90 7 6 63 32 17
61 22 84 51 77 88 57 83 6
7 79 18 24 42 89 20 58 69
86 100 6 18 4 63 67 4 55
33 7 83 79 39 44 71 42 29
52 30 49 52 48 43 42 100 99
44 40 55 17 27 99 40 72 92
95 91 7 5 76 1 9 47 36
12 40 54 86 57 64 18 45 17
20 44 23 94 22 89 32 56 66
71 3 59 26 36 19 18 55 51
42 92 30 22 78 54 36 13 38
80 38 91 41 70 61 3 89 59
4 16 91 48 73 76 5 82 53
86 30 55 75 90 43 98 58 13
64 97 44 2 66 18 72 21 73
